705

164 0 97 
677 441 452 1 25 
59 2 128 
464 207 3 14 
111 4 63 
95 5 60 
414 6 58 
197 196 7 28 
774 773 8 7 
742 514 516 56 50 53 511 773 8 1 
463 291 511 773 8 6 
742 514 516 511 773 8 6 
576 516 511 773 8 3 
254 256 511 773 8 12 
592 773 8 17 
29 9 63 
124 122 10 39 
520 125 122 10 2 
496 495 11 11 
685 686 12 41 
263 13 126 
286 287 14 14 
288 287 14 29 
770 707 287 14 5 
124 123 287 14 8 
520 125 123 287 14 9 
423 424 730 15 11 
203 16 110 
770 771 17 46 
124 771 17 26 
496 18 77 
252 19 94 
14 145 716 319 318 20 1 
370 367 716 319 318 20 3 
320 318 20 49 
321 318 20 1 
363 21 55 
677 22 46 
634 636 23 15 
17 3 99 636 23 1 
7 636 23 23 
755 24 73 
594 595 25 28 
349 595 25 1 
151 26 42 
200 27 63 
644 28 49 
278 29 99 
281 30 113 
741 31 92 
505 32 145 
186 33 94 
634 11 12 34 11 
129 12 34 19 
548 12 34 50 
263 264 35 29 
541 36 70 
651 37 42 
103 38 84 
575 445 453 454 39 4 
632 118 453 454 39 5 
795 454 39 17 
286 40 72 
640 41 78 
138 42 114 
475 350 359 43 10 
774 775 44 31 
638 140 142 775 44 6 
671 673 39 775 44 1 
537 214 230 45 11 
338 230 45 18 
43 659 661 46 3 
660 661 46 16 
660 662 661 46 10 
663 661 46 31 
671 661 46 11 
129 47 73 
208 48 53 
552 49 90 
799 215 212 51 75 50 2 
263 212 51 75 50 6 
677 54 55 51 75 50 11 
416 417 115 116 51 14 
791 789 115 116 51 2 
677 54 55 117 116 51 3 
335 295 709 776 116 51 3 
641 56 776 116 51 4 
646 56 776 116 51 5 
329 328 52 19 
330 328 52 37 
576 573 328 52 4 
541 328 52 6 
488 635 328 52 15 
677 676 53 15 
556 617 612 676 53 8 
167 612 676 53 27 
671 455 457 54 31 
272 251 456 457 54 12 
671 455 458 457 54 3 
529 512 458 457 54 5 
44 46 55 22 
84 46 55 11 
482 487 56 3 
482 484 487 56 34 
482 483 484 487 56 6 
335 295 342 57 1 
346 344 342 57 27 
795 344 342 57 9 
346 342 57 8 
111 112 58 30 
767 420 419 606 112 58 3 
326 421 419 606 112 58 9 
474 444 473 59 19 
286 473 59 9 
126 127 60 18 
475 350 127 60 19 
556 127 60 23 
537 214 144 190 191 61 2 
426 389 293 317 191 61 4 
774 2 4 432 62 14 
43 4 432 62 10 
760 432 62 6 
334 283 285 432 62 2 
386 63 47 
641 64 176 
718 717 65 7 
719 717 65 39 
397 66 118 
760 761 67 35 
739 68 146 
400 352 578 69 2 
43 352 578 69 15 
500 578 69 24 
632 118 48 578 69 3 
242 257 578 69 4 
227 70 54 
638 140 141 155 154 71 5 
610 141 155 154 71 1 
557 72 135 
14 73 155 
19 74 86 
124 75 162 
402 211 233 76 8 
234 235 233 76 13 
17 235 233 76 19 
482 77 163 
111 110 78 23 
112 110 78 8 
164 619 110 78 3 
186 31 79 4 
126 31 79 48 
668 31 79 8 
269 80 58 
660 81 165 
243 82 83 
84 213 210 228 83 10 
719 210 228 83 3 
632 353 228 83 11 
497 84 55 
675 85 85 
625 86 57 
186 188 87 4 
187 188 87 19 
503 188 87 41 
488 108 107 88 4 
43 659 107 88 11 
254 159 89 45 
474 444 491 90 2 
488 491 90 24 
489 491 90 40 
575 91 86 
415 92 106 
542 549 93 16 
542 546 545 549 93 8 
548 549 93 36 
742 703 549 93 19 
346 347 549 93 1 
742 514 553 94 25 
43 352 554 553 94 9 
668 613 303 301 95 1 
370 71 613 303 301 95 2 
103 304 301 95 27 
474 301 95 39 
642 301 95 23 
178 179 96 43 
326 421 419 179 96 5 
675 357 351 384 97 3 
383 384 97 1 
386 384 97 13 
387 384 97 9 
660 662 27 98 23 
610 615 684 99 7 
687 684 99 16 
254 684 99 36 
463 100 124 
795 796 101 4 
797 796 101 8 
610 624 102 30 
223 103 53 
137 135 104 26 
138 135 104 47 
281 279 105 41 
795 106 106 
685 67 65 68 183 184 107 10 
43 4 68 183 184 107 9 
784 143 185 184 107 1 
475 350 356 184 107 6 
32 355 356 184 107 13 
641 355 356 184 107 12 
205 299 664 108 37 
400 79 109 11 
126 110 68 
668 300 714 111 31 
632 112 70 
73 72 113 37 
263 212 247 245 114 6 
765 705 245 114 9 
26 115 51 
175 116 60 
507 117 115 
685 118 52 
35 119 96 
784 143 185 120 9 
556 617 618 185 120 5 
584 618 185 120 28 
237 121 50 
576 573 574 122 30 
575 574 122 22 
576 574 122 29 
338 249 248 123 5 
252 248 123 39 
278 217 248 123 4 
242 244 582 248 123 7 
370 591 248 123 2 
426 124 92 
408 407 409 125 7 
227 66 407 409 125 3 
408 409 125 50 
408 410 409 125 11 
408 411 409 125 11 
70 126 73 
320 446 443 440 448 127 2 
124 440 448 127 2 
646 56 701 448 127 12 
166 702 701 448 127 4 
29 701 448 127 6 
111 701 448 127 19 
308 310 128 28 
93 310 128 36 
370 366 129 35 
414 413 130 31 
416 413 130 46 
505 413 130 46 
44 480 481 131 6 
668 666 480 481 131 7 
35 34 481 131 11 
537 214 144 34 481 131 6 
197 195 144 34 481 131 1 
267 481 131 21 
168 170 132 22 
335 380 169 170 132 2 
335 380 169 171 170 132 3 
641 169 171 170 132 8 
538 133 66 
89 90 88 134 24 
89 91 90 88 134 5 
89 91 88 134 22 
168 135 33 
70 290 298 297 296 136 9 
25 298 297 296 136 3 
25 298 296 136 4 
770 707 158 137 24 
610 616 158 137 10 
751 616 158 137 4 
375 377 763 138 4 
638 509 508 763 138 3 
363 508 763 138 15 
187 526 528 139 16 
336 340 528 139 1 
338 337 340 528 139 9 
336 341 340 528 139 8 
17 3 340 528 139 12 
767 140 90 
82 174 141 47 
426 427 142 3 
594 593 427 142 12 
556 617 695 143 33 
463 291 696 695 143 1 
218 222 220 696 695 143 4 
500 696 695 143 9 
778 779 64 696 695 143 3 
198 64 696 695 143 4 
129 128 144 2 
35 128 144 33 
742 514 515 568 145 8 
742 514 518 568 145 1 
576 516 518 568 145 12 
237 568 145 12 
194 146 128 
610 626 147 28 
137 626 147 11 
520 522 148 31 
520 521 522 148 13 
272 275 149 25 
237 275 149 38 
557 759 150 42 
474 759 150 18 
525 759 150 22 
632 353 654 151 22 
529 654 151 39 
198 152 94 
784 153 104 
44 154 38 
770 155 106 
594 156 61 
488 108 109 157 19 
138 109 157 10 
475 536 109 157 1 
687 158 63 
7 159 64 
383 0 451 160 36 
760 161 88 
167 612 643 162 19 
640 643 162 47 
642 643 162 8 
242 244 643 162 8 
335 786 643 162 11 
329 163 50 
542 40 164 27 
610 630 40 164 27 
423 395 394 165 2 
17 396 394 165 4 
223 394 165 8 
719 166 76 
438 167 129 
797 168 92 
670 169 69 
778 170 43 
671 171 86 
43 352 554 172 16 
346 554 172 13 
505 554 172 28 
739 738 173 1 
741 738 173 30 
742 738 173 26 
642 174 62 
254 175 63 
17 176 163 
137 177 88 
565 178 58 
321 179 111 
25 180 72 
89 87 181 28 
89 91 87 181 2 
93 52 58 131 182 2 
133 58 131 182 3 
278 58 131 182 2 
751 58 131 182 32 
610 132 131 182 4 
554 131 182 3 
26 28 183 9 
765 705 28 183 10 
375 705 28 183 2 
381 559 705 28 183 5 
462 184 68 
745 185 101 
423 395 186 40 
338 187 97 
7 5 10 188 31 
223 226 189 3 
227 224 226 189 10 
227 226 189 32 
652 190 43 
592 191 78 
387 192 84 
166 193 123 
335 194 86 
43 41 42 195 9 
43 42 195 5 
370 367 716 319 42 195 1 
791 793 196 34 
724 723 722 197 4 
724 722 197 3 
724 725 722 197 7 
778 726 722 197 2 
482 722 197 9 
668 198 65 
375 199 74 
576 577 200 13 
167 201 135 
542 202 131 
402 203 99 
646 56 50 69 204 18 
93 50 69 204 13 
278 217 697 69 204 12 
237 238 205 17 
237 240 238 205 18 
610 238 205 32 
675 357 238 205 11 
494 492 238 205 4 
496 315 238 205 11 
370 71 74 206 31 
72 74 206 2 
73 74 206 40 
610 630 74 206 18 
584 630 74 206 6 
308 292 605 609 207 12 
415 605 609 207 20 
326 421 419 606 609 207 6 
408 411 208 21 
59 62 411 208 22 
576 209 127 
675 357 428 210 12 
103 304 430 428 210 7 
784 428 210 39 
638 140 134 211 12 
799 215 134 211 3 
43 41 134 211 27 
370 591 589 212 1 
592 589 212 19 
463 466 213 27 
464 466 213 46 
463 465 466 213 11 
671 83 214 8 
760 83 214 6 
381 215 69 
646 216 123 
745 316 740 764 217 17 
438 437 218 22 
438 439 437 218 2 
463 467 437 218 15 
463 465 467 437 218 2 
242 241 219 15 
542 546 241 219 1 
548 546 241 219 36 
252 241 219 38 
423 220 161 
464 221 135 
610 141 152 222 16 
166 165 141 152 222 2 
14 145 141 152 222 7 
552 551 223 30 
197 551 223 9 
147 551 223 8 
652 656 224 2 
652 653 656 224 4 
652 653 655 656 224 3 
570 225 65 
270 226 100 
84 227 49 
626 627 228 6 
400 706 627 228 5 
791 789 706 627 228 4 
542 706 627 228 8 
505 506 229 8 
494 506 229 22 
799 506 229 15 
95 96 230 21 
120 119 604 607 96 230 13 
624 96 230 4 
259 231 51 
423 424 232 14 
26 424 232 37 
242 233 166 
408 234 34 
197 195 235 34 
570 569 236 30 
459 708 569 236 16 
778 780 237 47 
778 779 780 237 2 
82 780 237 45 
370 238 96 
272 239 52 
14 145 141 155 240 13 
503 501 155 240 7 
281 280 241 9 
795 57 280 241 20 
671 455 280 241 7 
346 242 74 
731 735 243 23 
731 734 735 243 12 
767 769 244 46 
755 757 245 2 
208 146 757 245 27 
270 146 757 245 15 
797 146 757 245 1 
565 757 245 27 
718 246 92 
14 16 247 10 
17 16 247 6 
19 16 247 3 
17 20 16 247 25 
17 18 20 16 247 15 
195 144 16 247 1 
556 16 247 2 
387 16 247 2 
500 248 118 
791 249 127 
25 298 297 250 16 
464 531 297 250 36 
205 251 106 
503 252 168 
195 144 189 253 1 
187 189 253 47 
32 189 253 15 
671 672 254 30 
646 56 672 254 4 
137 45 672 254 3 
43 672 254 42 
203 98 255 27 
59 98 255 22 
742 256 155 
366 364 257 5 
366 368 364 257 6 
370 369 368 364 257 11 
370 368 364 257 1 
383 0 368 364 257 2 
370 369 364 257 14 
370 364 257 1 
742 514 515 562 258 1 
288 515 562 258 12 
329 331 259 22 
330 331 259 19 
400 331 259 41 
234 431 433 260 13 
70 290 433 260 21 
270 220 219 729 728 261 7 
670 729 728 261 8 
326 323 262 35 
59 63 263 5 
59 62 63 263 1 
525 62 63 263 18 
724 725 63 263 28 
320 446 443 498 499 63 263 1 
32 264 75 
753 265 70 
668 666 480 266 14 
529 692 267 33 
402 692 267 11 
552 550 268 16 
326 396 269 42 
587 583 396 269 11 
277 270 31 
474 598 600 599 271 11 
520 523 599 271 27 
194 599 271 16 
43 659 599 271 1 
234 272 84 
724 273 70 
383 274 187 
474 275 108 
381 720 721 276 23 
416 721 276 5 
84 86 277 20 
675 85 86 277 8 
320 446 86 277 2 
423 312 86 277 37 
799 278 29 
195 144 190 279 1 
338 337 144 190 279 33 
663 144 190 279 5 
308 292 581 580 280 20 
43 292 581 580 280 19 
242 244 582 580 280 12 
70 290 710 711 281 16 
338 249 290 710 711 281 7 
363 710 711 281 4 
791 710 711 281 3 
426 22 23 711 281 5 
25 23 711 281 23 
770 707 23 711 281 7 
243 711 281 31 
587 282 59 
242 244 566 563 283 18 
43 41 567 563 283 8 
459 708 700 712 284 6 
711 712 284 16 
175 176 285 16 
542 706 176 285 15 
370 176 285 32 
774 176 285 19 
488 286 45 
278 217 697 699 698 287 2 
335 380 217 697 699 698 287 7 
574 698 287 19 
685 67 65 246 288 6 
178 289 140 
474 598 600 290 12 
632 118 121 291 26 
120 119 121 291 8 
675 119 121 291 6 
320 292 72 
632 629 293 14 
482 486 629 293 2 
267 629 293 36 
93 294 72 
494 295 41 
774 296 73 
375 377 297 7 
335 377 297 30 
330 298 72 
663 299 119 
756 333 300 2 
799 333 300 40 
82 301 123 
320 446 443 498 499 302 19 
500 499 302 4 
503 501 499 302 12 
503 499 302 33 
334 303 84 
187 304 113 
652 653 305 15 
507 653 305 49 
267 266 306 27 
576 516 518 603 266 306 5 
17 518 603 266 306 6 
529 266 306 16 
525 307 127 
765 308 49 
731 309 141 
363 361 310 25 
791 710 311 43 
82 81 312 35 
584 313 138 
89 314 132 
489 315 57 
537 316 56 
111 113 317 33 
488 108 318 24 
386 385 319 19 
93 50 53 385 319 16 
795 57 53 385 319 14 
770 707 23 385 319 7 
400 470 469 320 19 
270 469 320 15 
556 321 79 
43 4 680 679 322 10 
29 680 679 322 5 
632 681 679 322 6 
426 389 293 683 679 322 3 
95 683 679 322 7 
151 679 322 32 
349 323 96 
218 324 52 
756 325 81 
326 326 69 
459 327 68 
520 328 163 
234 450 329 21 
791 579 330 23 
660 662 579 330 2 
308 331 107 
133 332 55 
288 333 93 
43 292 313 334 29 
73 335 57 
14 145 141 161 336 7 
797 146 141 161 336 42 
644 161 336 10 
525 524 337 5 
548 338 147 
799 215 216 268 339 12 
272 216 268 339 8 
270 216 268 339 9 
129 33 216 268 339 2 
267 268 339 27 
609 268 339 2 
677 678 340 15 
459 678 340 14 
336 341 114 
496 436 435 342 1 
438 439 435 342 5 
375 435 342 14 
166 162 435 342 25 
751 343 150 
281 282 344 12 
770 282 344 24 
529 345 165 
634 346 87 
103 101 347 28 
243 101 347 40 
178 182 101 347 3 
463 291 294 327 348 4 
610 294 327 348 15 
329 294 327 348 1 
326 294 327 348 11 
496 315 327 348 4 
120 349 65 
101 102 350 31 
103 102 350 5 
742 102 350 18 
320 102 350 9 
638 351 72 
778 777 352 18 
778 779 777 352 27 
416 353 103 
43 354 178 
147 355 70 
269 271 356 46 
270 271 356 8 
124 440 271 356 6 
587 583 440 271 356 32 
475 357 90 
400 358 91 
267 359 77 

