332

37 0 121 
44 41 1 39 
44 45 41 1 5 
102 45 41 1 2 
44 46 41 1 4 
92 145 41 1 9 
9 293 41 1 5 
170 172 217 2 12 
199 172 217 2 4 
207 200 132 152 217 2 5 
51 217 2 37 
164 3 211 
9 4 139 
119 5 149 
171 192 190 191 6 5 
171 192 191 6 1 
187 192 191 6 18 
187 192 193 191 6 5 
140 7 96 
287 289 8 31 
290 289 8 38 
147 146 266 9 17 
44 40 43 10 4 
44 46 40 43 10 5 
44 43 10 32 
44 46 43 10 2 
51 11 98 
24 184 183 12 35 
6 128 129 13 8 
240 129 13 44 
44 63 96 14 32 
94 96 14 8 
80 96 14 37 
187 96 14 7 
102 103 15 47 
287 1 103 15 8 
260 238 16 13 
256 254 238 16 9 
199 238 16 25 
24 22 17 41 
24 25 22 17 20 
24 26 22 17 8 
218 22 17 8 
235 18 141 
124 64 104 19 1 
102 104 19 23 
287 105 104 19 4 
204 163 104 19 7 
256 20 78 
147 146 21 24 
77 146 21 33 
92 145 22 32 
94 23 100 
187 192 190 24 11 
134 135 190 24 32 
119 277 190 24 45 
212 209 201 223 25 14 
204 201 223 25 15 
235 233 20 18 151 223 25 19 
67 26 89 
80 62 144 143 27 5 
94 143 27 42 
298 143 27 12 
80 79 28 15 
260 267 269 29 40 
170 205 259 269 29 8 
73 252 205 259 269 29 5 
274 269 29 11 
147 30 151 
86 5 57 31 3 
170 58 57 31 24 
109 263 83 58 57 31 3 
80 62 297 58 57 31 16 
44 57 31 18 
298 61 65 114 32 10 
141 130 114 32 19 
37 202 114 32 7 
260 205 249 202 114 32 12 
287 202 114 32 22 
199 172 194 33 1 
271 172 194 33 1 
86 194 33 34 
80 62 219 221 34 7 
108 221 34 41 
171 188 35 12 
170 186 188 35 25 
94 186 188 35 3 
187 188 35 47 
274 11 36 23 
218 11 36 20 
204 201 224 37 7 
170 224 37 26 
290 60 276 38 4 
171 276 38 24 
218 276 38 39 
141 39 204 
290 60 69 40 2 
67 69 40 15 
170 69 40 6 
260 267 69 40 5 
86 231 69 40 10 
140 229 228 227 41 17 
204 227 41 49 
290 60 281 227 41 1 
134 42 130 
67 68 43 34 
44 46 68 43 3 
271 68 43 35 
17 0 90 44 6 
50 100 90 44 14 
73 90 44 47 
260 261 273 45 1 
274 273 45 19 
119 117 273 45 8 
116 115 120 117 273 45 4 
290 60 283 46 12 
141 131 214 283 46 18 
171 262 286 47 8 
260 262 286 47 23 
290 262 286 47 6 
108 48 93 
258 49 75 
80 62 15 14 50 1 
77 62 15 14 50 2 
44 15 14 50 16 
17 14 50 33 
77 76 51 30 
77 78 76 51 22 
207 200 78 76 51 3 
37 78 76 51 3 
204 66 76 51 11 
271 270 76 51 5 
260 272 270 76 51 8 
260 261 81 82 84 52 25 
85 261 81 82 84 52 8 
168 82 84 52 5 
109 263 83 84 52 1 
164 30 53 37 
17 16 54 17 
86 16 54 28 
73 252 251 55 41 
116 56 113 
170 158 57 11 
9 158 57 18 
204 106 281 280 58 12 
147 281 280 58 8 
147 281 282 280 58 1 
204 241 59 46 
147 281 241 59 9 
177 241 59 41 
49 242 60 47 
187 61 140 
274 62 57 
199 198 63 39 
51 198 63 13 
24 198 63 7 
50 115 120 64 8 
116 120 64 46 
298 65 69 
149 66 55 
147 71 67 19 
86 231 71 67 12 
85 154 71 67 22 
85 68 146 
271 172 33 35 69 9 
235 34 35 69 21 
260 35 69 27 
50 100 101 70 30 
271 100 101 70 11 
171 101 70 41 
187 101 70 23 
218 71 118 
109 72 176 
17 73 84 
256 254 255 74 7 
258 254 255 74 15 
256 255 74 22 
258 255 74 9 
171 181 75 25 
204 180 181 75 8 
141 131 181 75 3 
67 182 181 75 28 
80 76 62 
37 36 77 28 
32 3 38 36 77 18 
147 3 38 36 77 5 
44 46 38 36 77 5 
141 38 36 77 6 
49 36 77 26 
260 272 270 78 29 
260 265 79 30 
290 262 265 79 15 
207 200 262 265 79 6 
170 265 79 21 
85 261 265 79 9 
207 200 132 152 80 6 
166 132 152 80 34 
50 115 152 80 36 
149 148 81 22 
255 148 81 2 
176 148 81 10 
166 82 151 
242 244 83 9 
271 172 244 83 2 
149 244 83 7 
204 163 27 29 84 1 
37 230 232 27 29 84 9 
207 200 262 29 84 21 
248 85 101 
86 86 179 
53 87 119 
235 233 236 88 3 
235 234 236 88 10 
235 236 88 50 
80 236 88 13 
168 236 88 14 
166 165 89 2 
168 165 89 39 
177 5 165 89 20 
92 90 74 
251 250 91 4 
260 250 91 9 
170 250 91 18 
194 195 92 4 
124 156 155 195 92 7 
166 132 157 155 195 92 4 
85 275 132 157 155 195 92 5 
171 155 195 92 3 
44 155 195 92 14 
124 93 116 
73 74 94 25 
73 75 74 94 5 
160 74 94 29 
6 7 95 39 
177 63 7 95 7 
204 48 7 95 36 
171 185 96 35 
73 75 185 96 1 
271 97 79 
177 98 118 
235 233 20 18 19 99 6 
85 275 132 19 99 12 
260 139 113 19 99 1 
260 205 245 100 4 
248 246 245 100 21 
248 247 245 100 6 
248 245 100 11 
290 101 99 
160 161 102 4 
164 162 161 102 35 
24 184 162 161 102 11 
164 161 102 15 
94 98 103 37 
260 95 98 103 34 
6 128 98 103 16 
212 104 81 
77 62 297 299 105 1 
24 297 299 105 17 
298 299 105 33 
177 173 299 105 28 
170 178 106 31 
147 281 282 107 15 
73 108 115 
199 109 72 
6 8 110 5 
168 203 8 110 10 
260 8 110 16 
134 135 111 18 
204 106 135 111 19 
160 112 138 
109 263 292 113 21 
166 291 292 113 4 
260 292 113 32 
24 292 113 31 
141 131 214 292 113 4 
109 110 114 43 
134 112 110 114 2 
204 66 110 114 11 
176 110 114 15 
50 110 114 35 
207 115 95 
141 130 137 116 3 
134 130 137 116 31 
204 201 136 137 116 20 
171 201 136 137 116 1 
85 275 132 157 117 17 
17 157 117 33 
73 72 118 11 
74 72 118 4 
73 75 72 118 1 
171 72 118 26 
204 48 72 118 3 
92 72 118 7 
49 119 100 
147 281 279 120 2 
170 279 120 5 
85 261 279 120 11 
181 279 120 9 
204 163 279 120 20 
102 279 120 30 
92 91 121 32 
92 93 91 121 2 
298 61 65 91 121 2 
44 15 91 121 2 
85 91 121 4 
168 122 119 
32 123 75 
49 52 124 12 
50 52 124 17 
51 52 124 17 
134 130 122 52 124 6 
77 125 62 
171 264 126 44 
235 233 20 264 126 1 
248 264 126 14 
24 127 267 
17 0 4 56 128 4 
119 4 56 128 20 
92 93 56 128 7 
49 93 56 128 14 
240 129 90 
50 130 114 
6 131 82 
287 132 134 
24 297 58 59 133 5 
77 62 144 58 59 133 1 
141 131 59 133 2 
9 293 59 133 2 
260 272 59 133 3 
170 272 59 133 16 
235 225 59 133 3 
176 134 115 

