335

37 0 121 
260 261 46 42 41 1 3 
260 261 46 41 1 1 
265 46 41 1 3 
92 145 41 1 6 
299 41 1 44 
9 293 41 1 7 
218 219 217 2 12 
207 200 132 152 217 2 9 
51 217 2 37 
164 3 211 
9 4 139 
119 5 149 
190 191 6 29 
140 7 96 
287 289 8 31 
290 289 8 38 
265 266 9 22 
96 63 44 43 10 7 
14 15 44 43 10 18 
57 44 43 10 4 
147 71 43 10 14 
51 11 98 
24 184 183 12 28 
85 183 12 7 
119 277 66 128 129 13 8 
240 129 13 44 
96 14 84 
279 102 103 15 7 
7 48 4 105 103 15 12 
119 4 105 103 15 5 
287 105 103 15 14 
166 291 1 103 15 5 
287 1 103 15 8 
241 247 103 15 4 
260 238 16 16 
256 254 238 16 9 
101 238 16 41 
24 22 17 41 
24 25 22 17 20 
24 26 22 17 8 
218 22 17 8 
235 18 141 
279 102 104 19 23 
287 105 104 19 1 
241 133 104 19 3 
279 163 104 19 8 
256 20 78 
147 146 21 41 
266 146 21 5 
265 146 21 11 
92 145 22 35 
94 23 100 
190 24 88 
212 209 201 223 25 14 
168 203 201 223 25 17 
260 262 257 223 25 6 
148 151 223 25 11 
67 26 89 
92 62 144 143 27 2 
57 58 144 143 27 3 
145 143 27 3 
94 143 27 48 
299 298 143 27 3 
92 62 80 79 28 5 
77 62 80 79 28 4 
24 297 62 80 79 28 6 
260 267 269 29 45 
207 200 252 205 259 269 29 4 
260 205 259 269 29 4 
274 269 29 11 
147 30 151 
57 31 64 
235 65 114 32 10 
260 139 113 114 32 3 
141 130 114 32 16 
92 93 202 114 32 2 
37 202 114 32 17 
287 202 114 32 22 
96 97 172 194 33 2 
86 194 33 34 
218 219 221 34 7 
108 221 34 41 
187 192 171 188 35 10 
24 184 171 188 35 2 
94 186 188 35 3 
187 188 35 47 
212 189 188 35 20 
207 200 132 188 35 5 
274 11 36 23 
218 11 36 20 
168 203 201 224 37 5 
260 204 201 224 37 15 
235 225 224 37 3 
260 205 170 224 37 8 
57 58 170 224 37 2 
260 261 276 38 13 
290 60 276 38 9 
96 95 276 38 6 
218 276 38 39 
141 39 204 
67 69 40 15 
68 69 40 10 
207 200 69 40 3 
86 231 69 40 10 
140 229 228 227 41 17 
260 204 227 41 7 
241 204 227 41 24 
241 281 227 41 5 
147 281 227 41 14 
134 42 130 
68 43 72 
86 5 0 90 44 5 
7 48 0 90 44 1 
101 100 90 44 13 
50 100 90 44 1 
73 90 44 47 
260 261 273 45 1 
274 273 45 2 
119 117 273 45 8 
120 117 273 45 21 
260 262 283 46 9 
290 60 283 46 11 
50 60 283 46 1 
141 131 214 283 46 9 
260 262 286 47 8 
290 262 286 47 21 
207 200 262 286 47 7 
265 262 286 47 1 
108 48 93 
258 49 75 
14 50 52 
77 76 51 30 
77 78 76 51 22 
207 200 78 76 51 3 
37 78 76 51 3 
119 277 66 76 51 14 
260 272 270 76 51 10 
260 261 81 82 84 52 8 
85 261 81 82 84 52 25 
168 82 84 52 5 
57 58 83 84 52 1 
164 30 53 37 
176 16 54 35 
86 16 54 28 
207 200 252 251 55 8 
73 252 251 55 33 
120 115 116 56 12 
50 115 116 56 6 
119 116 56 28 
120 116 56 46 
9 116 56 21 
9 158 57 29 
279 280 58 15 
147 281 280 58 5 
147 281 282 280 58 1 
241 59 96 
49 242 60 47 
187 61 140 
274 62 57 
198 63 59 
120 64 54 
299 298 65 30 
124 64 61 298 65 1 
86 61 298 65 21 
124 123 298 65 17 
148 149 66 37 
148 150 149 66 18 
147 71 67 19 
86 231 71 67 12 
85 154 71 67 22 
85 68 146 
32 3 33 35 69 9 
235 34 35 69 21 
260 35 69 27 
101 70 105 
218 71 118 
109 72 176 
14 17 73 33 
16 17 73 18 
157 17 73 33 
256 254 255 74 7 
258 254 255 74 15 
256 255 74 18 
258 255 74 9 
148 255 74 2 
212 180 181 75 4 
279 181 75 9 
14 182 181 75 14 
67 182 181 75 28 
24 297 62 80 76 11 
14 15 62 80 76 3 
119 4 80 76 11 
96 80 76 37 
37 36 77 28 
32 3 38 36 77 9 
141 38 36 77 6 
96 63 36 77 19 
49 36 77 26 
260 272 270 78 30 
265 79 81 
207 200 132 152 80 2 
85 275 132 152 80 34 
157 132 152 80 4 
50 115 152 80 36 
148 81 34 
166 82 151 
242 244 83 9 
96 97 172 244 83 1 
212 209 97 172 244 83 5 
141 172 244 83 3 
279 163 27 29 84 1 
37 230 232 27 29 84 9 
265 262 29 84 20 
96 262 29 84 1 
248 85 101 
86 86 179 
53 87 119 
235 233 236 88 4 
235 234 236 88 10 
235 236 88 50 
73 252 236 88 12 
168 236 88 14 
166 165 89 22 
168 165 89 39 
92 90 74 
251 250 91 4 
73 252 250 91 1 
109 263 253 250 91 17 
260 250 91 9 
194 195 92 4 
157 156 155 195 92 7 
157 155 195 92 9 
24 184 171 155 195 92 3 
57 44 155 195 92 14 
124 93 116 
73 74 94 34 
160 74 94 29 
7 95 82 
101 171 185 96 15 
73 75 185 96 18 
74 75 185 96 3 
270 271 97 1 
50 100 271 97 43 
68 271 97 35 
176 177 98 40 
141 131 177 98 20 
92 131 177 98 7 
86 5 177 98 10 
241 177 98 41 
235 233 20 18 19 99 6 
157 132 19 99 12 
260 139 113 19 99 1 
260 205 245 100 4 
248 246 245 100 21 
241 247 245 100 6 
248 245 100 11 
290 101 99 
160 161 102 4 
164 162 161 102 35 
279 163 161 102 11 
164 161 102 15 
94 98 103 37 
260 95 98 103 34 
96 98 103 6 
119 277 66 128 98 103 10 
212 104 81 
299 105 79 
57 58 170 178 106 5 
279 170 178 106 5 
265 170 178 106 21 
147 281 282 107 15 
73 108 115 
24 184 197 199 109 14 
198 199 109 39 
238 199 109 19 
7 8 110 20 
260 8 110 16 
134 135 111 37 
160 112 138 
109 263 292 113 18 
166 291 292 113 4 
260 292 113 32 
14 292 113 31 
148 150 292 113 7 
109 110 114 50 
134 112 110 114 2 
119 277 66 110 114 4 
176 110 114 15 
50 110 114 35 
207 115 95 
141 130 137 116 6 
134 130 137 116 25 
120 136 137 116 24 
157 117 50 
73 72 118 11 
74 72 118 4 
74 75 72 118 1 
101 171 72 118 26 
7 48 72 118 3 
92 72 118 7 
49 119 100 
279 120 77 
92 91 121 32 
14 15 91 121 6 
85 91 121 4 
168 122 119 
32 123 75 
49 52 124 12 
50 52 124 17 
51 52 124 17 
134 130 122 52 124 6 
77 125 62 
265 264 126 9 
96 63 264 126 17 
235 233 20 264 126 19 
248 264 126 14 
24 127 267 
119 4 56 128 4 
85 261 56 128 3 
168 261 56 128 4 
92 93 56 128 7 
49 93 56 128 27 
240 129 90 
50 130 114 
7 6 131 39 
8 6 131 5 
241 204 6 131 22 
141 204 6 131 4 
134 130 107 6 131 8 
241 133 130 107 6 131 1 
119 277 66 128 6 131 3 
287 132 134 
57 58 59 133 32 
176 134 115 

