664

337 339 0 47 
338 339 0 4 
83 85 1 4 
684 60 84 85 1 13 
447 85 1 44 
760 85 1 10 
326 327 2 6 
662 315 327 2 6 
642 644 3 11 
643 644 3 40 
320 168 242 4 25 
105 73 242 4 16 
408 242 4 6 
511 513 5 35 
512 513 5 13 
515 513 5 35 
707 708 6 17 
195 7 122 
138 8 60 
183 9 149 
303 10 61 
20 11 66 
618 610 263 298 12 16 
44 263 298 12 1 
1 165 167 298 12 9 
707 28 27 298 12 11 
53 13 44 
8 14 73 
630 15 92 
620 619 16 48 
269 17 124 
608 607 18 6 
675 670 266 609 607 18 6 
98 607 18 12 
710 19 190 
258 20 179 
769 21 74 
593 22 79 
361 360 362 23 2 
361 362 23 3 
700 698 362 23 8 
361 698 362 23 1 
515 24 56 
259 25 87 
80 81 26 14 
82 81 26 35 
218 217 81 26 10 
544 27 68 
751 28 80 
442 29 105 
414 30 50 
748 31 61 
345 32 83 
1 6 68 33 9 
388 745 69 68 33 6 
476 474 475 69 68 33 4 
320 454 68 33 10 
240 103 68 33 6 
728 34 60 
477 35 49 
401 36 84 
658 638 37 32 
686 638 37 48 
665 38 131 
481 482 39 8 
483 482 39 6 
130 482 39 47 
337 340 482 39 4 
375 40 113 
248 278 279 277 280 41 10 
183 279 277 280 41 8 
303 305 277 280 41 2 
304 305 277 280 41 1 
183 279 280 41 39 
736 42 131 
605 43 53 
100 44 114 
224 45 99 
472 46 75 
316 47 109 
206 203 205 48 3 
700 57 203 205 48 4 
204 205 48 46 
206 205 48 50 
675 49 97 
23 164 364 50 1 
126 364 50 25 
512 364 50 24 
241 51 30 
649 650 52 24 
1 583 553 570 568 53 20 
755 741 553 570 568 53 3 
754 54 202 
240 159 55 37 
798 56 83 
755 57 69 
113 114 58 29 
142 606 114 58 2 
773 114 58 9 
127 732 59 18 
120 60 64 
113 740 450 460 61 11 
248 460 61 18 
126 125 62 4 
128 125 62 40 
130 132 63 6 
131 132 63 33 
794 792 132 63 16 
338 64 96 
345 37 65 37 
579 66 139 
287 67 167 
308 264 311 68 3 
312 311 68 1 
105 311 68 32 
147 69 75 
506 359 356 691 706 70 12 
476 71 95 
502 72 123 
105 104 73 34 
736 104 73 20 
320 104 73 29 
506 359 356 691 703 74 9 
1 3 704 703 74 22 
364 704 703 74 16 
561 75 146 
388 389 76 21 
1 389 76 15 
239 246 247 389 76 1 
349 347 389 76 5 
316 314 347 389 76 5 
238 235 347 389 76 25 
447 448 77 10 
23 796 795 448 77 3 
798 797 795 448 77 4 
798 795 448 77 2 
366 78 85 
117 79 93 
714 715 80 31 
717 715 80 3 
366 368 81 30 
710 368 81 30 
135 368 81 8 
200 82 100 
700 83 122 
240 84 95 
336 85 123 
700 57 203 207 86 3 
204 207 86 14 
206 207 86 23 
685 207 86 14 
308 87 58 
151 163 243 88 7 
58 243 88 46 
88 71 99 89 5 
97 99 89 21 
23 164 161 189 99 89 20 
191 189 99 89 10 
788 787 786 789 90 17 
788 786 789 90 18 
642 786 789 90 3 
788 789 90 8 
117 789 90 15 
664 552 566 91 13 
241 566 91 20 
542 92 101 
625 139 93 20 
326 139 93 22 
248 249 94 14 
238 249 94 24 
593 596 95 16 
597 596 95 16 
620 621 96 32 
622 621 96 18 
755 621 96 15 
366 690 521 97 33 
287 611 521 97 32 
775 611 521 97 3 
519 517 521 97 9 
248 98 116 
580 99 94 
504 100 106 
773 101 168 
506 102 89 
143 144 103 19 
147 144 103 19 
304 104 108 
45 455 459 538 105 4 
588 538 105 3 
759 106 75 
44 107 139 
784 108 64 
126 109 129 
1 551 554 39 110 15 
586 554 39 110 7 
304 305 39 110 23 
32 30 111 17 
343 112 46 
542 547 113 30 
544 545 543 547 113 4 
544 545 543 548 547 113 7 
767 768 543 548 547 113 1 
544 548 547 113 12 
120 119 114 13 
100 102 115 16 
183 102 115 2 
14 15 102 115 1 
521 522 116 7 
337 340 522 116 11 
152 117 73 
632 118 140 
308 307 306 119 2 
309 306 119 11 
121 306 119 38 
700 306 119 2 
113 120 119 
252 253 121 33 
532 254 253 121 8 
476 253 121 35 
309 253 121 42 
40 42 122 43 
44 42 122 14 
45 455 453 496 123 4 
238 235 496 123 16 
1 6 235 496 123 1 
1 3 6 235 496 123 9 
643 124 30 
345 344 125 1 
506 359 356 691 344 125 1 
52 694 691 344 125 10 
605 691 344 125 11 
131 626 691 344 125 9 
100 615 123 344 125 1 
120 344 125 41 
206 126 98 
238 127 61 
375 376 128 5 
502 376 128 17 
345 376 128 50 
83 129 94 
1 3 6 66 130 9 
65 64 66 130 5 
65 66 130 3 
65 64 67 66 130 3 
65 67 66 130 20 
312 131 142 
204 132 75 
239 133 104 
404 134 122 
757 135 87 
662 136 48 
717 137 78 
586 138 51 
730 139 49 
775 611 614 656 654 140 2 
784 654 140 25 
23 22 141 22 
465 22 141 12 
476 742 559 558 142 10 
403 559 558 142 7 
720 719 558 142 19 
308 264 261 276 143 11 
88 261 276 143 13 
476 474 473 276 143 2 
218 217 276 143 9 
687 689 144 26 
55 145 55 
302 629 627 146 19 
151 163 75 627 146 30 
121 75 627 146 1 
380 7 4 627 146 15 
707 627 146 6 
115 627 146 1 
218 216 219 627 146 4 
658 147 75 
232 230 148 21 
660 659 149 1 
19 659 149 24 
378 379 659 149 14 
380 379 659 149 13 
755 741 553 575 577 150 9 
717 577 150 19 
259 256 151 18 
664 256 151 18 
720 152 37 
115 116 153 30 
707 154 115 
149 155 22 
519 156 152 
40 43 157 17 
44 41 43 157 8 
45 43 157 48 
625 158 93 
495 494 159 25 
1 5 54 160 5 
55 54 160 17 
717 2 569 54 160 5 
695 697 161 34 
337 697 161 7 
424 425 162 5 
424 426 425 162 13 
23 24 427 425 162 6 
337 456 425 162 11 
707 28 425 162 22 
647 163 55 
686 164 157 
183 182 185 165 12 
183 185 165 12 
195 185 165 16 
717 713 185 165 11 
113 713 185 165 21 
95 96 166 2 
336 96 166 27 
662 96 166 7 
434 435 167 25 
1 165 167 169 251 168 12 
287 353 251 168 3 
751 352 358 154 251 168 3 
336 358 154 251 168 24 
45 455 459 683 251 168 2 
210 299 169 29 
761 170 59 
143 171 88 
658 657 172 6 
618 173 135 
739 174 58 
51 50 175 9 
504 578 50 175 12 
120 50 175 3 
294 293 296 176 6 
294 296 176 14 
714 692 709 177 5 
710 709 177 1 
710 711 709 177 8 
45 455 459 549 709 177 3 
442 459 549 709 177 1 
16 464 462 178 4 
465 462 178 30 
586 554 462 178 10 
431 462 178 11 
767 179 110 
23 164 220 180 21 
1 583 220 180 26 
53 393 395 220 180 7 
519 517 516 518 181 6 
519 518 181 9 
401 399 182 24 
401 402 399 182 8 
143 479 399 182 9 
115 183 52 
131 184 77 
142 141 185 10 
143 141 185 5 
144 141 185 13 
146 141 185 31 
147 141 185 23 
52 186 97 
88 71 91 187 14 
424 640 71 91 187 18 
1 91 187 50 
436 188 84 
126 124 189 1 
127 124 189 13 
128 124 189 43 
593 594 190 34 
597 594 190 14 
700 267 369 191 9 
506 369 191 28 
378 192 112 
65 193 27 
250 194 74 
342 195 28 
597 196 56 
664 197 82 
40 198 121 
51 199 120 
685 200 89 
794 201 48 
788 202 87 
135 290 292 203 20 
477 292 203 28 
767 527 526 204 22 
55 526 204 33 
759 557 205 19 
665 557 205 16 
1 231 206 28 
408 207 49 
45 455 451 484 208 25 
769 46 484 208 2 
665 484 208 18 
588 587 209 38 
121 75 488 210 4 
401 550 488 210 15 
687 134 550 488 210 8 
312 310 488 210 4 
316 488 210 3 
649 211 52 
37 38 212 10 
769 46 48 38 212 4 
113 740 86 48 38 212 4 
503 213 97 
113 740 743 771 214 6 
51 49 772 771 214 3 
126 771 214 30 
482 771 214 7 
128 215 176 
16 216 245 
337 217 149 
308 264 226 228 218 7 
40 226 228 218 12 
597 458 227 228 218 1 
338 227 228 218 6 
380 228 218 30 
447 219 176 
97 220 42 
660 221 110 
608 222 113 
294 293 223 27 
476 742 744 293 223 3 
664 744 293 223 30 
232 224 169 
146 225 58 
23 796 226 44 
684 227 62 
252 228 52 
586 554 592 229 17 
245 591 592 229 1 
773 592 229 31 
440 34 592 229 16 
151 230 128 
636 634 231 6 
232 634 231 43 
52 634 231 16 
100 615 571 232 11 
751 571 232 16 
424 233 142 
532 234 74 
303 539 541 540 235 2 
710 539 541 540 235 11 
636 541 540 235 12 
238 540 235 10 
45 455 693 729 236 1 
730 729 236 16 
477 729 236 9 
273 237 54 
476 474 473 238 2 
476 473 238 7 
477 473 238 26 
82 239 78 
661 240 150 
776 241 101 
780 242 91 
601 243 25 
287 778 781 244 4 
720 778 781 244 4 
206 779 781 244 18 
618 77 781 244 5 
798 533 534 245 40 
105 246 155 
135 247 102 
470 72 101 248 8 
100 101 248 2 
636 635 101 248 7 
588 590 101 248 16 
88 261 409 249 17 
128 409 249 1 
143 145 250 18 
147 145 250 6 
113 740 743 747 251 2 
735 743 747 251 10 
105 743 747 251 3 
287 747 251 2 
143 479 747 251 20 
380 252 154 
775 774 253 41 
117 774 253 18 
465 254 154 
309 255 53 
735 256 110 
273 274 257 10 
675 670 266 609 274 257 9 
349 258 163 
58 56 259 45 
449 260 165 
588 261 74 
245 262 115 
138 172 173 263 5 
483 264 102 
631 265 113 
178 266 132 
481 267 44 
625 624 268 2 
131 626 624 268 8 
440 34 35 269 29 
58 613 35 269 8 
80 270 48 
755 741 553 575 271 5 
476 742 741 553 575 271 9 
636 741 553 575 271 8 
1 165 575 271 5 
8 575 271 16 
636 741 764 272 9 
19 273 101 
417 274 82 
14 275 244 
88 319 276 8 
710 319 276 39 
775 611 614 656 655 277 14 
632 614 656 655 277 3 
436 656 655 277 11 
604 278 96 
714 692 722 279 23 
511 280 75 
112 281 67 
775 282 114 
434 283 71 
51 384 0 10 284 5 
766 765 285 18 
766 286 28 
294 584 287 11 
401 402 584 287 2 
1 551 402 584 287 21 
798 584 287 23 
108 107 288 14 
210 289 103 
714 716 290 19 
715 716 290 2 
717 716 290 1 
294 291 69 
492 292 110 
232 265 324 323 293 4 
127 324 323 293 15 
52 756 325 323 293 10 
343 323 293 9 
388 294 65 
495 295 17 
647 646 296 9 
58 297 160 
417 416 298 38 
605 416 298 4 
622 299 123 
506 359 617 525 297 300 8 
191 617 525 297 300 2 
210 209 301 17 
636 635 209 301 11 
380 7 4 171 302 13 
95 310 171 302 16 
97 171 302 33 
320 303 76 
720 721 304 16 
269 721 304 19 
108 305 132 
308 307 306 25 
378 377 307 2 
380 377 307 45 
444 308 101 
470 72 74 202 309 8 
121 75 74 202 309 4 
183 78 76 74 202 309 1 
258 74 202 309 2 
544 545 202 309 19 
127 310 118 
476 468 469 311 10 
483 480 469 311 12 
204 469 311 10 
326 312 104 
349 346 313 33 
714 692 346 313 18 
40 692 346 313 3 
515 346 313 18 
319 752 314 13 
586 554 211 315 2 
105 554 211 315 7 
23 554 211 315 5 
620 316 166 
195 197 317 30 
88 318 94 
191 319 70 
232 265 268 333 320 9 
345 268 333 320 11 
121 674 268 333 320 21 
776 333 320 12 
760 321 80 
45 322 226 
440 323 48 
476 474 475 69 324 15 
477 475 69 324 12 
51 384 69 324 12 
769 46 325 11 
336 358 421 420 326 4 
269 422 420 326 12 
326 422 420 326 9 
183 182 184 420 326 1 
121 182 184 420 326 6 
183 184 420 326 12 
366 690 184 420 326 10 
512 327 125 
470 328 75 
121 329 275 
361 330 49 
636 331 51 
95 332 74 
431 430 333 34 
431 432 430 333 13 
16 61 188 430 333 19 
130 334 130 
695 335 52 
1 165 167 233 336 15 
618 610 679 678 337 9 
759 478 679 678 337 7 
151 163 680 678 337 5 
151 163 680 681 678 337 2 
631 680 681 678 337 2 
146 678 337 1 
388 387 338 4 
269 387 338 21 
32 339 87 
302 340 131 
98 341 41 
403 342 78 
380 7 4 582 343 2 
100 4 582 343 46 
245 582 343 10 
241 582 343 11 
218 344 56 
14 13 11 345 26 
14 11 345 5 
16 18 17 11 345 9 
320 17 11 345 7 
730 18 11 345 36 
19 11 345 6 
637 346 112 
293 295 347 8 
294 295 347 18 
767 295 347 3 
769 295 347 4 
97 682 348 32 
714 682 348 11 
620 623 349 23 
622 623 349 30 
98 623 349 7 
687 350 80 
601 600 351 31 
316 314 318 352 12 
662 315 318 352 19 
1 3 6 235 315 318 352 3 
19 6 235 315 318 352 7 
316 318 352 3 
440 439 353 28 
287 353 439 353 9 
476 742 439 353 14 
113 713 439 353 16 
687 134 550 560 354 12 
558 560 354 4 
561 560 354 35 
662 560 354 23 
642 355 76 
23 356 60 
717 2 29 357 9 
707 28 26 29 357 3 
700 267 29 357 2 
661 29 357 32 
431 358 57 
142 359 77 

