259

37 0 121 
41 1 64 
152 217 2 43 
51 217 2 15 
164 3 211 
9 4 139 
119 5 149 
190 191 6 29 
140 7 96 
287 289 8 31 
290 289 8 38 
265 266 9 22 
41 42 40 43 10 7 
85 261 46 40 43 10 4 
96 63 44 43 10 14 
57 44 43 10 18 
51 11 98 
24 184 183 12 35 
98 128 129 13 8 
240 129 13 44 
96 14 84 
103 15 55 
114 202 238 16 8 
256 254 238 16 9 
199 238 16 25 
101 238 16 5 
22 17 77 
235 18 141 
279 102 104 19 23 
103 104 19 1 
103 105 104 19 4 
279 163 104 19 7 
256 20 78 
147 146 21 41 
266 146 21 5 
265 146 21 11 
92 145 22 32 
94 23 100 
190 24 88 
212 209 201 223 25 9 
235 233 20 18 151 223 25 15 
137 136 223 25 24 
67 26 89 
143 27 59 
80 79 28 15 
269 29 64 
147 30 151 
57 31 64 
114 32 70 
86 194 33 32 
80 62 219 221 34 7 
108 221 34 41 
24 184 171 188 35 5 
101 171 188 35 7 
94 186 188 35 3 
187 188 35 47 
212 189 188 35 20 
152 132 188 35 5 
274 11 36 23 
218 11 36 20 
35 224 37 33 
85 261 276 38 7 
290 60 276 38 9 
96 95 276 38 6 
98 95 276 38 6 
218 276 38 39 
141 39 204 
67 69 40 15 
68 69 40 7 
207 200 69 40 6 
86 231 69 40 10 
212 209 201 227 41 5 
140 229 228 227 41 17 
241 204 227 41 22 
141 204 227 41 4 
241 281 227 41 5 
147 281 227 41 14 
134 42 130 
68 43 72 
22 89 90 44 3 
17 0 90 44 3 
101 100 90 44 9 
50 100 90 44 5 
73 90 44 47 
85 261 273 45 1 
119 117 273 45 8 
50 115 120 117 273 45 4 
80 62 297 117 273 45 6 
57 58 297 117 273 45 13 
290 262 283 46 9 
290 60 283 46 11 
50 60 283 46 1 
292 214 283 46 9 
290 262 286 47 12 
207 200 262 286 47 25 
108 48 93 
258 49 75 
80 62 15 14 50 3 
17 14 50 33 
292 14 50 16 
76 51 82 
84 52 39 
164 30 53 37 
17 16 54 17 
86 16 54 28 
207 200 252 251 55 10 
73 252 251 55 31 
116 56 113 
9 158 57 29 
279 280 58 15 
147 281 280 58 5 
147 281 282 280 58 1 
241 59 96 
49 242 60 47 
187 61 140 
274 62 57 
199 198 63 39 
51 198 63 13 
24 198 63 7 
50 115 120 64 8 
116 120 64 46 
299 298 65 33 
80 62 61 298 65 11 
124 64 61 298 65 1 
80 62 65 61 298 65 2 
77 62 65 61 298 65 4 
114 65 61 298 65 4 
124 123 298 65 2 
143 298 65 12 
149 66 55 
147 71 67 19 
86 231 71 67 12 
85 154 71 67 22 
85 68 146 
35 69 57 
101 70 105 
218 71 118 
109 72 176 
17 73 84 
256 254 255 74 7 
258 254 255 74 15 
256 255 74 22 
258 255 74 9 
101 171 181 75 18 
279 181 75 9 
67 182 181 75 28 
80 76 62 
37 36 77 28 
32 3 38 36 77 18 
96 63 36 77 16 
49 36 77 26 
85 261 260 272 270 78 16 
292 260 272 270 78 16 
76 270 78 2 
265 79 81 
152 80 76 
149 148 81 2 
235 233 150 148 81 13 
292 150 148 81 7 
255 148 81 2 
176 148 81 10 
166 82 151 
242 244 83 9 
9 293 172 244 83 2 
149 244 83 7 
279 163 27 29 84 1 
37 230 232 27 29 84 9 
265 262 29 84 21 
248 85 101 
86 86 179 
53 87 119 
236 88 90 
166 165 89 22 
168 165 89 39 
92 90 74 
251 250 91 4 
73 252 250 91 10 
109 263 253 250 91 17 
195 92 37 
124 93 116 
73 74 94 26 
160 74 94 29 
6 7 95 39 
96 63 7 95 8 
17 0 4 48 7 95 7 
103 105 4 48 7 95 3 
119 4 48 7 95 2 
92 47 48 7 95 20 
72 48 7 95 3 
101 171 185 96 16 
235 233 20 185 96 1 
72 75 185 96 1 
73 75 185 96 18 
270 271 97 5 
50 100 271 97 39 
68 271 97 35 
176 177 98 40 
141 131 177 98 29 
86 5 177 98 8 
241 177 98 41 
152 132 19 99 5 
114 113 19 99 1 
84 82 19 99 13 
248 246 245 100 12 
103 247 245 100 30 
290 101 99 
160 161 102 4 
164 162 161 102 35 
279 163 161 102 11 
164 161 102 15 
98 103 87 
212 104 81 
299 105 79 
73 252 205 170 178 106 5 
279 170 178 106 5 
265 170 178 106 21 
147 281 282 107 15 
73 108 115 
199 109 72 
6 8 110 5 
168 203 8 110 10 
292 260 8 110 16 
134 135 111 37 
160 112 138 
292 113 92 
110 114 106 
207 115 95 
137 116 55 
152 132 157 117 17 
17 157 117 33 
72 118 52 
49 119 100 
279 120 77 
92 91 121 32 
114 65 91 121 6 
85 91 121 4 
168 122 119 
32 123 75 
49 52 124 4 
50 52 124 17 
51 52 124 17 
141 130 122 52 124 14 
77 125 62 
265 264 126 9 
96 63 264 126 5 
84 82 264 126 31 
248 264 126 14 
24 127 267 
119 4 56 128 18 
92 93 56 128 9 
114 202 93 56 128 2 
49 93 56 128 16 
240 129 90 
50 130 114 
6 131 82 
287 132 134 
57 58 59 133 30 
9 293 59 133 2 
176 134 115 

